S14_1
H    -01.43977   00.62686  -01.34647
O    -01.60486  -00.33007  -01.08649
N    -00.44404   01.97775  -01.28111
H    -00.31372   02.94812  -01.56248
C     00.52721   01.52364  -00.56278
H     01.39187   02.14136  -00.29698
C    -00.54920  -00.72248  -00.34670
C     00.53158   00.15489  -00.05911
C     01.61037  -00.30068   00.72419
C     01.63375  -01.60076   01.21384
C     00.57035  -02.46674   00.91961
C    -00.51465  -02.04082   00.15511
H     02.42853   00.38171   00.93804
H     00.57889  -03.49053   01.28116
H     02.46910  -01.95071   01.81106
O    -01.53894  -02.90005  -00.17654
C    -02.40025  -03.30873   00.91487
C    -03.26733  -02.16633   01.42445
H    -01.79010  -03.73060   01.72367
H    -03.00990  -04.11200   00.49408
H    -03.91643  -02.52696   02.22973
H    -02.65074  -01.35355   01.82181
H    -03.89261  -01.76663   00.62113

S14_10
H    -01.50431   01.10835  -00.40408
O    -01.73815   00.26931   00.09793
N    -00.33797   02.03978  -01.17284
H    -00.14056   02.90114  -01.67970
C     00.70320   01.29317  -01.01772
H     01.68745   01.58116  -01.40276
C    -00.60193  -00.44571   00.21623
C     00.63188   00.01578  -00.31743
C     01.79175  -00.77109  -00.17456
C     01.74482  -01.99036   00.48986
C     00.52791  -02.43743   01.02537
C    -00.63810  -01.68533   00.88971
H     02.72729  -00.40763  -00.59095
H     00.47854  -03.38050   01.56105
H     02.64084  -02.59114   00.60463
O    -01.82851  -02.09173   01.45041
C    -02.41811  -03.29221   00.89289
C    -02.93174  -03.07708  -00.52370
H    -03.23345  -03.53741   01.57769
H    -01.68767  -04.11025   00.92610
H    -03.38368  -04.00249  -00.89670
H    -03.68527  -02.28466  -00.54723
H    -02.11494  -02.80087  -01.19849

S14_11
H    -01.30326   01.43054  -00.52888
O    -01.67032   00.55831  -00.18888
N     00.02666   02.33732  -00.99825
H     00.36173   03.23536  -01.34320
C     00.97301   01.47712  -00.82255
H     02.02128   01.71703  -01.03151
C    -00.61876  -00.27397  -00.03647
C     00.70511   00.12968  -00.33337
C     01.77237  -00.77752  -00.15471
C     01.52651  -02.05906   00.31043
C     00.21200  -02.46288   00.60568
C    -00.86151  -01.58720   00.43967
H     02.78370  -00.45684  -00.38786
H     00.04190  -03.47040   00.96420
H     02.34147  -02.76210   00.44783
O    -02.16867  -01.86963   00.71407
C    -02.54613  -03.20160   01.11485
C    -02.61152  -04.16521  -00.06398
H    -03.53602  -03.07102   01.55808
H    -01.87458  -03.56190   01.90338
H    -02.95905  -05.14407   00.28300
H    -03.31417  -03.79525  -00.81674
H    -01.63505  -04.29802  -00.53768

S14_2
H    -01.29181   01.20810  -00.88317
O    -01.64963   00.27970  -00.73656
N     00.00940   02.26292  -00.83913
H     00.33499   03.21489  -00.99886
C     00.94105   01.47149  -00.42425
H     01.96905   01.81662  -00.26924
C    -00.61566  -00.47289  -00.30512
C     00.68259   00.06556  -00.13579
C     01.73311  -00.76307   00.31550
C     01.49616  -02.09982   00.59140
C     00.20715  -02.63719   00.42473
C    -00.84956  -01.84198  -00.02016
H     02.72441  -00.33778   00.44376
H     00.04295  -03.68362   00.64990
H     02.29818  -02.74178   00.94061
O    -02.12975  -02.26676  -00.23254
C    -02.50623  -03.61282   00.11947
C    -02.72128  -03.78099   01.61872
H    -01.76959  -04.32428  -00.27252
H    -03.44124  -03.77334  -00.42221
H    -03.05975  -04.80138   01.82739
H    -01.80311  -03.60351   02.18532
H    -03.48654  -03.08326   01.97197

S14_3
H    -01.54364   01.11262  -00.08005
O    -01.72256   00.19065   00.28201
N    -00.43664   02.22294  -00.67179
H    -00.29720   03.16487  -01.03372
C     00.65422   01.53605  -00.61050
H     01.61975   01.94899  -00.92189
C    -00.54019  -00.45739   00.30516
C     00.66467   00.16250  -00.12020
C     01.87681  -00.55395  -00.05609
C     01.90684  -01.85992   00.41667
C     00.71199  -02.47189   00.82595
C    -00.50050  -01.78926   00.77254
H     02.79187  -00.06624  -00.38112
H     00.70566  -03.49208   01.19750
H     02.84232  -02.40692   00.46745
O    -01.64484  -02.39809   01.23714
C    -02.58822  -02.79647   00.21002
C    -03.80518  -03.38108   00.90032
H    -02.10302  -03.53806  -00.43859
H    -02.85580  -01.92255  -00.39356
H    -04.53408  -03.70874   00.15209
H    -03.52717  -04.24391   01.51386
H    -04.28098  -02.63348   01.54281

S14_4
H    -01.35475   01.11111  -00.81158
O    -01.65534   00.21380  -00.47141
N    -00.09602   02.17749  -01.11289
H     00.17127   03.09504  -01.46555
C     00.90999   01.47836  -00.70580
H     01.93621   01.85926  -00.74745
C    -00.54644  -00.44243  -00.07044
C     00.74216   00.13491  -00.16419
C     01.87165  -00.59443   00.26919
C     01.72191  -01.87110   00.78486
C     00.44211  -02.44836   00.88000
C    -00.69015  -01.74979   00.45939
H     02.85524  -00.13994   00.19152
H     00.34441  -03.44761   01.28610
H     02.58598  -02.43590   01.11909
O    -01.96877  -02.22143   00.51101
C    -02.19713  -03.54109   01.03587
C    -03.69048  -03.80213   00.97541
H    -01.82965  -03.59201   02.06916
H    -01.64404  -04.27424   00.43424
H    -03.90553  -04.80087   01.36797
H    -04.23655  -03.06826   01.57586
H    -04.05137  -03.74970  -00.05624

S14_5
H    -01.47398   01.29824  -00.13482
O    -01.71078   00.42667   00.30998
N    -00.32480   02.24155  -00.90254
H    -00.12677   03.13707  -01.34572
C     00.69255   01.44762  -00.88460
H     01.66072   01.73354  -01.30969
C    -00.60333  -00.34272   00.27979
C     00.61223   00.11653  -00.29386
C     01.74936  -00.71593  -00.27752
C     01.69456  -01.98155   00.29251
C     00.48792  -02.43603   00.84581
C    -00.65347  -01.63777   00.84151
H     02.67383  -00.35016  -00.71604
H     00.41525  -03.42313   01.29149
H     02.57219  -02.61910   00.30623
O    -01.80110  -02.09315   01.45111
C    -02.91142  -02.40451   00.56645
C    -02.65214  -03.65807  -00.25683
H    -03.11762  -01.54045  -00.07305
H    -03.75971  -02.54503   01.24087
H    -03.52938  -03.87956  -00.87447
H    -01.79373  -03.52333  -00.92249
H    -02.45790  -04.51763   00.39260

S14_6
H    -01.45813   01.08271  -00.50026
O    -01.71849   00.26322   00.02317
N    -00.25892   01.96591  -01.26537
H    -00.03643   02.80859  -01.79281
C     00.76814   01.21363  -01.05367
H     01.76760   01.47869  -01.41507
C    -00.59720  -00.46740   00.19143
C     00.65832  -00.04015  -00.31679
C     01.80574  -00.82736  -00.09341
C     01.72259  -02.01755   00.61816
C     00.47792  -02.44161   01.10779
C    -00.67412  -01.68692   00.89982
H     02.76014  -00.48598  -00.48507
H     00.38310  -03.37028   01.66172
H     02.60787  -02.62029   00.79100
O    -01.86569  -02.10266   01.45065
C    -02.87697  -02.55693   00.51093
C    -02.51151  -03.89229  -00.12132
H    -03.03807  -01.78485  -00.24814
H    -03.78408  -02.64228   01.11431
H    -03.31993  -04.21739  -00.78529
H    -01.59605  -03.81107  -00.71586
H    -02.36184  -04.65873   00.64584

S14_7
H    -01.37035   01.23249  -00.38955
O    -01.62633   00.36330   00.04853
N    -00.16402   02.21792  -01.00806
H     00.05406   03.10954  -01.44987
C     00.87845   01.48617  -00.79984
H     01.88531   01.81534  -01.07866
C    -00.48797  -00.33881   00.22085
C     00.77629   00.17138  -00.17686
C     01.93778  -00.59599   00.04377
C     01.86067  -01.84607   00.64485
C     00.60794  -02.35020   01.02724
C    -00.55670  -01.61547   00.82036
H     02.89889  -00.19212  -00.26276
H     00.51782  -03.32487   01.49709
H     02.75731  -02.43234   00.81575
O    -01.76206  -02.11396   01.26166
C    -02.65955  -02.56678   00.21611
C    -03.94558  -03.02452   00.87629
H    -02.17464  -03.38968  -00.32590
H    -02.84330  -01.74453  -00.48367
H    -04.64347  -03.38915   00.11569
H    -03.75137  -03.83562   01.58523
H    -04.41995  -02.19684   01.41294

S14_8
H    -01.31790   01.09382  -01.00421
O    -01.63796   00.23170  -00.59780
N    -00.04552   02.13869  -01.32216
H     00.24222   03.01952  -01.74529
C     00.93195   01.49576  -00.77649
H     01.95658   01.88290  -00.78332
C    -00.55758  -00.36873  -00.05667
C     00.73192   00.21116  -00.11603
C     01.83039  -00.45870   00.46736
C     01.64919  -01.67928   01.09633
C     00.36839  -02.25926   01.15677
C    -00.73328  -01.61900   00.58850
H     02.81524  -00.00314   00.41519
H     00.24610  -03.21442   01.65240
H     02.48921  -02.19812   01.54635
O    -02.01037  -02.09794   00.59388
C    -02.27117  -03.35894   01.23495
C    -03.75542  -03.64124   01.09572
H    -01.97844  -03.29894   02.29142
H    -01.67367  -04.14403   00.75325
H    -03.99464  -04.59650   01.57334
H    -04.34602  -02.85542   01.57633
H    -04.04113  -03.69950   00.04106

S14_9
H    -01.31120   01.24686  -00.72583
O    -01.67874   00.40600  -00.31456
N     00.02497   02.13935  -01.20433
H     00.36040   03.00411  -01.62549
C     00.97833   01.33620  -00.86905
H     02.03220   01.58600  -01.03294
C    -00.61961  -00.36856   00.00159
C     00.71118   00.04328  -00.24970
C     01.78586  -00.80281   00.10105
C     01.54050  -02.03243   00.69020
C     00.21920  -02.44414   00.94088
C    -00.86180  -01.62798   00.60585
H     02.80261  -00.47670  -00.09873
H     00.04996  -03.41089   01.39860
H     02.36140  -02.68871   00.95986
O    -02.17760  -01.92101   00.82270
C    -02.54854  -03.21576   01.33596
C    -02.50449  -04.29799   00.26394
H    -03.57049  -03.07253   01.69438
H    -01.92600  -03.46973   02.20222
H    -02.84724  -05.24754   00.68840
H    -03.16315  -04.03311  -00.56866
H    -01.49396  -04.44402  -00.12724

S15_1
H     00.95870   00.50051  -02.11869
O     00.86709  -00.47875  -01.90453
N     00.90317   02.10201  -01.60463
H     01.00093   03.08479  -01.85134
C     00.59705   01.92227  -00.35554
H     00.46596   02.76614   00.33178
C     00.55311  -00.56927  -00.59009
C     00.41218   00.60497   00.20439
C     00.07620   00.42323   01.56236
C    -00.11114  -00.82637   02.12030
C     00.04185  -02.00660   01.32729
C     00.36637  -01.83507  -00.04210
H    -00.04360   01.30259   02.19097
H    -00.37690  -00.89187   03.16610
H     00.47611  -02.67725  -00.71163
N    -00.10416  -03.25917   01.87630
C    -00.00168  -04.46536   01.04762
C    -01.26356  -04.78568   00.23402
H     00.22356  -05.29893   01.71797
H     00.86380  -04.36969   00.38374
H    -01.08784  -05.66343  -00.39737
H    -02.10933  -05.00243   00.89259
H    -01.54164  -03.94858  -00.41302
C    -00.53059  -03.43360   03.26975
C    -02.03661  -03.24626   03.50011
H     00.03862  -02.75076   03.90879
H    -00.23670  -04.44235   03.57110
H    -02.26688  -03.34822   04.56625
H    -02.36767  -02.25667   03.17145
H    -02.61309  -03.99701   02.95236

S15_10
H     01.11812   00.52417  -02.21618
O     00.72677  -00.38263  -02.02530
N     01.61190   02.03335  -01.64882
H     02.01242   02.94250  -01.87117
C     01.33722   01.89679  -00.38775
H     01.53006   02.69909   00.33386
C     00.46945  -00.43206  -00.69609
C     00.76189   00.68248   00.14179
C     00.47489   00.54328   01.51424
C    -00.07175  -00.61013   02.04664
C    -00.38368  -01.72299   01.20542
C    -00.07855  -01.59948  -00.17359
H     00.69915   01.37365   02.17984
H    -00.25119  -00.64894   03.11130
H    -00.25557  -02.40587  -00.87185
N    -00.97007  -02.86557   01.71599
C    -01.07889  -03.00228   03.18233
C    -01.88217  -04.20899   03.66392
H    -01.57393  -02.10541   03.56468
H    -00.07398  -03.03102   03.63123
H    -01.97402  -04.14174   04.75230
H    -02.89230  -04.21663   03.24200
H    -01.39723  -05.16188   03.43413
C    -01.00837  -04.08718   00.90216
C     00.33379  -04.82746   00.84676
H    -01.35048  -03.83082  -00.10271
H    -01.77970  -04.74164   01.30722
H     00.24698  -05.72555   00.22598
H     01.11642  -04.19021   00.42372
H     00.64863  -05.13396   01.84984

S15_11
H    -00.49640   01.45285  -01.72842
O    -00.99006   00.60613  -01.49786
N     00.80570   02.48241  -01.46127
H     01.28452   03.34296  -01.71900
C     01.40820   01.83338  -00.51108
H     02.33393   02.20623  -00.05748
C    -00.29393  -00.00144  -00.50762
C     00.89898   00.58626   00.00558
C     01.56126  -00.10597   01.04170
C     01.09547  -01.30198   01.55150
C    -00.10202  -01.89156   01.03785
C    -00.77822  -01.20390  -00.00148
H     02.47790   00.31678   01.44663
H     01.66327  -01.79257   02.33027
H    -01.70254  -01.57702  -00.42198
N    -00.57686  -03.08014   01.53114
C    -01.72933  -03.76230   00.93617
C    -03.07085  -03.29569   01.51370
H    -01.60050  -04.83431   01.11520
H    -01.70839  -03.63495  -00.15014
H    -03.89656  -03.84670   01.05081
H    -03.10589  -03.46953   02.59432
H    -03.22610  -02.22731   01.33613
C     00.03288  -03.74452   02.68697
C     01.18034  -04.68670   02.30502
H    -00.75837  -04.30787   03.19147
H     00.36972  -02.99313   03.40668
H     01.58563  -05.17474   03.19793
H     00.82817  -05.46454   01.61936
H     01.99013  -04.14045   01.81192

S15_12
H     00.32811   00.73282  -02.24060
O     00.23101  -00.25333  -02.06389
N     00.47900   02.29884  -01.64214
H     00.57488   03.29047  -01.85147
C     00.44921   02.05171  -00.36769
H     00.52244   02.85401   00.37575
C     00.21222  -00.41511  -00.71924
C     00.31888   00.71011   00.14817
C     00.28390   00.45554   01.53525
C     00.15417  -00.81820   02.05353
C     00.05828  -01.94992   01.18447
C     00.07981  -01.70436  -00.21166
H     00.35762   01.29676   02.22058
H     00.12389  -00.93982   03.12726
H    -00.00987  -02.50566  -00.93237
N    -00.03509  -03.22773   01.68438
C    -00.14250  -03.47362   03.12726
C    -01.54200  -03.23169   03.70963
H     00.59824  -02.86201   03.65267
H     00.15028  -04.51278   03.29803
H    -01.52868  -03.39339   04.79303
H    -01.87879  -02.20815   03.52046
H    -02.27274  -03.91668   03.27055
C    -00.19383  -04.38027   00.79074
C    -01.62257  -04.58530   00.26770
H     00.12331  -05.26598   01.34734
H     00.50603  -04.28274  -00.04581
H    -01.64662  -05.42751  -00.43236
H    -02.31210  -04.80320   01.08812
H    -01.98536  -03.69533  -00.25487

S15_13
H    -00.35469   01.24855  -01.83925
O    -00.81591   00.38345  -01.60959
N     00.80811   02.40616  -01.47110
H     01.25673   03.28250  -01.73001
C     01.29638   01.88957  -00.38397
H     02.10678   02.37673   00.17074
C    -00.24538  -00.08005  -00.47207
C     00.80428   00.64762   00.16080
C     01.34119   00.10041   01.34550
C     00.88731  -01.08606   01.88733
C    -00.16780  -01.81518   01.25448
C    -00.71659  -01.27464   00.06409
H     02.14903   00.63135   01.84387
H     01.35768  -01.46233   02.78550
H    -01.53270  -01.75823  -00.45600
N    -00.62948  -02.99548   01.77915
C    -00.16760  -03.50725   03.07300
C     01.09173  -04.37478   02.96446
H    -00.98688  -04.09343   03.50095
H    -00.00647  -02.67265   03.76115
H     01.38222  -04.74913   03.95200
H     00.91222  -05.23505   02.31111
H     01.92850  -03.80337   02.55144
C    -01.62065  -03.81951   01.08183
C    -03.06704  -03.42437   01.40259
H    -01.44523  -04.85875   01.37685
H    -01.43627  -03.77858   00.00431
H    -03.76682  -04.07837   00.87132
H    -03.26161  -03.51461   02.47644
H    -03.26785  -02.39040   01.10649

S15_14
H     01.20470   00.40277  -02.15625
O     01.07299  -00.56491  -01.91202
N     01.19394   02.02149  -01.69756
H     01.33306   02.99115  -01.97445
C     00.85192   01.89552  -00.45120
H     00.73484   02.76643   00.20412
C     00.72332  -00.59936  -00.60393
C     00.60563   00.60554   00.14725
C     00.22955   00.48241   01.50133
C    -00.01694  -00.73998   02.09535
C     00.11245  -01.95127   01.34611
C     00.47705  -01.83830  -00.01931
H     00.12645   01.38652   02.09698
H    -00.31064  -00.76054   03.13551
H     00.57239  -02.70620  -00.65747
N    -00.09298  -03.17825   01.93245
C    -00.56003  -03.28968   03.31935
C    -02.06255  -03.03605   03.50520
H     00.02045  -02.60908   03.95072
H    -00.31447  -04.29877   03.66010
H    -02.32258  -03.09587   04.56769
H    -02.34591  -02.04491   03.13889
H    -02.65511  -03.78011   02.96555
C    -00.00958  -04.41529   01.14845
C    -01.26091  -04.72326   00.31411
H     00.17191  -05.23173   01.85232
H     00.87453  -04.37033   00.50411
H    -01.09874  -05.62756  -00.28249
H    -02.12921  -04.88992   00.95779
H    -01.49524  -03.90056  -00.36779

S15_15
H     00.31028   00.56173  -02.20859
O     00.20539  -00.41738  -02.00616
N     00.47887   02.14350  -01.64989
H     00.58346   03.12886  -01.88345
C     00.45329   01.92831  -00.36930
H     00.53857   02.74804   00.35349
C     00.19226  -00.54449  -00.65764
C     00.31323   00.60126   00.18056
C     00.28184   00.38135   01.57389
C     00.14346  -00.87771   02.12434
C     00.03462  -02.03024   01.28454
C     00.05090  -01.81954  -00.11714
H     00.36554   01.23868   02.23782
H     00.11528  -00.97163   03.20091
H    -00.04907  -02.63710  -00.81802
N    -00.06650  -03.29431   01.81697
C    -00.23774  -04.46864   00.95464
C    -01.66952  -04.67596   00.44043
H     00.07415  -05.34200   01.53354
H     00.45994  -04.39929   00.11367
H    -01.70125  -05.53456  -00.23911
H    -02.35863  -04.86923   01.26730
H    -02.02689  -03.79606  -00.10251
C    -00.17550  -03.50224   03.26605
C    -01.57320  -03.23583   03.84158
H     00.56895  -02.88187   03.77565
H     00.11186  -04.53828   03.46311
H    -01.56132  -03.37011   04.92872
H    -01.90178  -02.21468   03.62654
H    -02.30932  -03.92570   03.41965

S15_2
H    -00.10308   00.82608  -01.99749
O    -00.54609  -00.04436  -01.76227
N     00.96432   02.05996  -01.55381
H     01.39830   02.94195  -01.82148
C     01.34390   01.64139  -00.39263
H     02.06137   02.19806   00.22023
C    -00.09562  -00.40501  -00.54013
C     00.83812   00.39814   00.17208
C     01.26709  -00.03460   01.44112
C     00.79691  -01.21769   01.99766
C    -00.12434  -02.00514   01.28792
C    -00.56419  -01.59596   00.02546
H     01.97982   00.57699   01.98850
H     01.12738  -01.55009   02.97531
H    -01.27420  -02.19140  -00.53925
N    -00.59289  -03.23135   01.88899
C    -02.05062  -03.23525   02.12523
C    -02.50037  -02.10225   03.04546
H    -02.29021  -04.19838   02.58928
H    -02.61592  -03.19186   01.17621
H    -03.57342  -02.18850   03.24489
H    -01.96463  -02.14341   03.99971
H    -02.31920  -01.12149   02.59470
C    -00.16191  -04.43076   01.14201
C     01.35747  -04.55022   01.04188
H    -00.60521  -04.45495   00.12940
H    -00.56062  -05.29686   01.68162
H     01.62438  -05.48787   00.54365
H     01.78939  -03.72687   00.46453
H     01.81235  -04.54351   02.03802

S15_3
H    -00.01717   00.97996  -01.95260
O    -00.50736   00.12103  -01.77425
N     01.10770   02.12484  -01.42727
H     01.58856   02.99797  -01.63704
C     01.45391   01.61729  -00.29117
H     02.19201   02.09878   00.35974
C    -00.08647  -00.33671  -00.57511
C     00.87985   00.36938   00.19124
C     01.27417  -00.16516   01.43436
C     00.74000  -01.35315   01.91238
C    -00.21812  -02.04640   01.14421
C    -00.62258  -01.53620  -00.08704
H     02.01342   00.37294   02.02260
H     01.05814  -01.74635   02.87194
H    -01.35964  -02.07073  -00.67610
N    -00.80359  -03.28626   01.59606
C     00.19037  -04.37140   01.72500
C     00.89874  -04.68190   00.40797
H    -00.35675  -05.25862   02.06247
H     00.93874  -04.14397   02.50622
H     01.56926  -05.53741   00.53919
H     00.17193  -04.92605  -00.37400
H     01.49796  -03.83358   00.06285
C    -01.59329  -03.12545   02.83397
C    -02.74607  -02.13651   02.67320
H    -00.95593  -02.82032   03.68416
H    -01.99381  -04.11498   03.08059
H    -03.34197  -02.10750   03.59123
H    -02.38311  -01.12328   02.47462
H    -03.39748  -02.43347   01.84447

S15_4
H     00.07476   00.65049  -02.21219
O    -00.02050  -00.33514  -02.03190
N     00.29373   02.21192  -01.62179
H     00.38546   03.20325  -01.83442
C     00.36296   01.95901  -00.35000
H     00.50601   02.75656   00.38833
C     00.06634  -00.50296  -00.69062
C     00.25678   00.61669   00.16957
C     00.32925   00.35604   01.55408
C     00.22508  -00.91843   02.07633
C     00.04599  -02.04485   01.21351
C    -00.04118  -01.79290  -00.17893
H     00.46766   01.19311   02.23448
H     00.27759  -01.04457   03.14868
H    -00.19713  -02.58965  -00.89338
N    -00.02311  -03.32388   01.71424
C    -00.00307  -03.57700   03.15964
C    -01.34468  -03.33428   03.86477
H     00.78301  -02.96972   03.61982
H     00.30104  -04.61765   03.29911
H    -01.23563  -03.49943   04.94223
H    -01.69454  -02.30947   03.70889
H    -02.11300  -04.01666   03.49047
C    -00.28222  -04.46825   00.83353
C    -01.75364  -04.63713   00.42931
H     00.05771  -05.36363   01.36025
H     00.34881  -04.38410  -00.05752
H    -01.85571  -05.47819  -00.26507
H    -02.37886  -04.83789   01.30384
H    -02.13602  -03.73840  -00.06334

S15_5
H     01.80813   00.24752  -01.81950
O     01.39559  -00.66415  -01.71097
N     02.05038   01.80291  -01.22344
H     02.48106   02.71520  -01.35965
C     01.36949   01.72492  -00.12049
H     01.28985   02.57451   00.56768
C     00.70834  -00.65177  -00.54385
C     00.67694   00.51938   00.26693
C    -00.05547   00.44610   01.47033
C    -00.72183  -00.69735   01.86581
C    -00.70082  -01.87024   01.04777
C     00.04257  -01.81157  -00.15802
H    -00.09165   01.32368   02.11169
H    -01.25544  -00.68660   02.80592
H     00.12416  -02.66369  -00.81889
N    -01.38823  -03.00524   01.40929
C    -02.08726  -03.09311   02.69674
C    -01.17197  -03.36729   03.89812
H    -02.82430  -03.89529   02.60739
H    -02.66056  -02.17450   02.85837
H    -01.76038  -03.37363   04.82214
H    -00.67796  -04.33810   03.80067
H    -00.39812  -02.59948   03.99035
C    -01.31394  -04.22545   00.59820
C    -00.03477  -05.04856   00.80588
H    -01.42669  -03.95959  -00.45810
H    -02.18623  -04.83392   00.85062
H    -00.03085  -05.90957   00.12866
H     00.85902  -04.45078   00.60467
H     00.02864  -05.42086   01.83221

S15_6
H    -00.77716   01.64244  -00.99985
O    -01.32175   01.00051  -00.44783
N     00.72517   02.13886  -01.57346
H     01.24895   02.80218  -02.14084
C     01.48200   01.24649  -01.01042
H     02.56866   01.23980  -01.15469
C    -00.45544   00.11423   00.09841
C     00.94196   00.21121  -00.16220
C     01.77456  -00.75511   00.44016
C     01.28151  -01.75873   01.25118
C    -00.11947  -01.85085   01.52309
C    -00.96696  -00.89223   00.91244
H     02.84494  -00.70892   00.25324
H     01.97602  -02.47277   01.67113
H    -02.03920  -00.90814   01.05247
N    -00.62309  -02.82184   02.35694
C    -02.06784  -02.96062   02.57175
C    -02.81430  -03.66753   01.43143
H    -02.49976  -01.97037   02.75092
H    -02.20294  -03.52105   03.50036
H    -03.88885  -03.68504   01.64358
H    -02.66225  -03.15316   00.47803
H    -02.47108  -04.69985   01.31968
C     00.24553  -03.85572   02.93143
C     00.59123  -05.00071   01.96922
H    -00.26958  -04.25687   03.80818
H     01.16053  -03.38766   03.30836
H     01.27780  -05.70261   02.45503
H    -00.30736  -05.55015   01.67489
H     01.07217  -04.62388   01.06167

S15_7
H     00.85044   00.60246  -02.17501
O     00.69023  -00.37205  -01.97991
N     00.96518   02.18612  -01.61815
H     01.12978   03.16448  -01.84624
C     00.72902   01.99395  -00.35582
H     00.71629   02.82409   00.36005
C     00.45719  -00.47674  -00.64981
C     00.46990   00.67991   00.18198
C     00.20995   00.48500   01.55473
C    -00.04644  -00.76124   02.09237
C    -00.04746  -01.92494   01.26106
C     00.19966  -01.73895  -00.12249
H     00.20769   01.35140   02.21208
H    -00.24749  -00.83683   03.15184
H     00.19238  -02.56624  -00.81903
N    -00.26360  -03.17717   01.78704
C    -00.61212  -03.35792   03.20121
C    -02.07748  -03.04851   03.53747
H     00.05557  -02.74724   03.81777
H    -00.38956  -04.39724   03.45609
H    -02.24589  -03.16296   04.61386
H    -02.34070  -02.02441   03.25675
H    -02.75234  -03.72951   03.01135
C    -00.31447  -04.36208   00.92378
C    -01.64821  -04.55495   00.18843
H    -00.11584  -05.23109   01.55652
H     00.51135  -04.31637   00.20616
H    -01.58730  -05.42584  -00.47328
H    -02.46506  -04.72051   00.89652
H    -01.89648  -03.67994  -00.41941

S15_8
H     01.03442   00.68314  -02.21827
O     00.79540  -00.28018  -02.05143
N     01.29077   02.23241  -01.61037
H     01.53596   03.20035  -01.80886
C     01.05392   02.01864  -00.35216
H     01.12028   02.82188   00.39086
C     00.57172  -00.40857  -00.72218
C     00.68986   00.71285   00.14554
C     00.42524   00.49406   01.51411
C     00.07281  -00.74423   02.01319
C    -00.02831  -01.87759   01.14692
C     00.21523  -01.66402  -00.23237
H     00.49739   01.33561   02.19915
H    -00.12686  -00.83489   03.07149
H     00.12995  -02.45951  -00.95907
N    -00.33562  -03.13379   01.63563
C    -00.90979  -03.26991   02.98106
C    -02.39348  -02.88923   03.05317
H    -00.32303  -02.67040   03.67973
H    -00.77136  -04.30086   03.30565
H    -02.76827  -03.01088   04.07506
H    -02.54501  -01.84802   02.75175
H    -02.99039  -03.52606   02.39179
C    -00.58150  -04.21654   00.66384
C    -00.74705  -05.60914   01.26911
H     00.27556  -04.25228  -00.01485
H    -01.46510  -03.97699   00.05158
H    -00.81368  -06.32956   00.44808
H     00.11239  -05.88500   01.88855
H    -01.65783  -05.70798   01.86632

S15_9
H     01.17729   00.53644  -02.08711
O     00.98310  -00.43227  -01.89334
N     01.19550   02.13643  -01.56982
H     01.40425   03.10723  -01.79399
C     00.73545   01.98325  -00.36485
H     00.59898   02.83539   00.31126
C     00.51315  -00.49614  -00.62469
C     00.37592   00.68738   00.15771
C    -00.12753   00.53643   01.46728
C    -00.47795  -00.69254   01.99083
C    -00.34293  -01.88007   01.20543
C     00.16055  -01.74125  -00.11273
H    -00.23444   01.42263   02.08857
H    -00.83592  -00.74155   03.01017
H     00.26750  -02.59182  -00.77270
N    -00.68583  -03.10829   01.71087
C    -01.33093  -03.26146   03.01835
C    -00.33113  -03.38566   04.17376
H    -01.95495  -04.15930   02.96872
H    -02.01925  -02.42867   03.18752
H     00.32730  -04.24750   04.02253
H     00.29336  -02.49053   04.25145
H    -00.86093  -03.52151   05.12279
C    -00.43583  -04.34908   00.97239
C    -01.57798  -04.72637   00.02151
H    -00.28952  -05.14327   01.71122
H     00.51043  -04.26635   00.42990
H    -01.35069  -05.66686  -00.49183
H    -02.51347  -04.85599   00.57581
H    -01.73492  -03.95000  -00.73330

S16
H    -01.29357   01.89457  -00.04738
O    -01.78449   01.01541  -00.01505
N     00.16595   02.71932  -00.07193
H     00.62584   03.62728  -00.10460
C     00.99745   01.72967  -00.02859
H     02.08228   01.88320  -00.02829
C    -00.85202   00.04158   00.02911
C     00.53923   00.35312   00.02330
C     01.46156  -00.70990   00.07001
C     01.04977  -02.03361   00.12138
C    -00.33010  -02.31404   00.12829
C    -01.27578  -01.28862   00.08172
H     02.52410  -00.48156   00.06542
H     01.77424  -02.84158   00.15570
H    -02.33515  -01.51965   00.08708
O    -00.80979  -03.59026   00.18026
H    -00.08072  -04.22630   00.21510

S17
H     02.14381   00.61310   01.17436
O     01.42560   00.04488   01.59641
N     02.85543   01.22025  -00.21120
H     03.59476   01.80256  -00.59994
C     02.10028   00.68571  -01.11623
H     02.26505   00.86071  -02.18520
C     00.68861  -00.47188   00.59152
C     00.98929  -00.17868  -00.76664
C     00.17562  -00.75349  -01.76736
C    -00.88685  -01.58053  -01.45433
C    -01.16799  -01.85950  -00.09833
C    -00.38618  -01.30879   00.92143
H     00.39624  -00.53580  -02.80918
H    -01.51105  -02.02192  -02.22315
H    -00.57806  -01.50372   01.96857
C    -02.57942  -03.01941   01.46695
H    -01.75868  -03.54600   01.96634
H    -03.44361  -03.67853   01.38861
H    -02.84922  -02.12458   02.03841
O    -02.22776  -02.68131   00.11896

S18
H    -01.31120   01.87406   00.00000
O    -01.78056   00.98479   00.00000
N     00.15108   02.71495   00.00000
H     00.59236   03.63313   00.00000
C     00.99906   01.74402   00.00000
H     02.08125   01.91227   00.00000
C    -00.83028   00.02945   00.00000
C     00.55388   00.35353   00.00000
C     01.50534  -00.68385   00.00000
C     01.08988  -02.00634   00.00000
C    -00.27328  -02.33133   00.00000
C    -01.22490  -01.31720   00.00000
H     02.56291  -00.43959   00.00000
H    -00.58429  -03.37029   00.00000
H    -02.28389  -01.55269   00.00000
Cl   02.29019  -03.30116   00.00000

S19_1
H    -01.56811   01.64068  -00.28951
O    -01.79973   00.83067   00.26624
N    -00.42298   02.47464  -01.17397
H    -00.23448   03.30902  -01.72723
C     00.59599   01.69250  -01.06617
H     01.56107   01.92011  -01.53070
C    -00.69997   00.06538   00.33494
C     00.51294   00.44756  -00.30866
C     01.62981  -00.39075  -00.20404
C     01.57609  -01.58603   00.51595
C     00.36748  -01.94908   01.14767
C    -00.75363  -01.13745   01.05935
H     02.55849  -00.10894  -00.69122
H     00.31552  -02.87477   01.70900
H    -01.68473  -01.41275   01.54312
C     02.79605  -02.42560   00.58660
O     03.86133  -02.14608   00.05029
O     02.61699  -03.54726   01.31203
C     03.75846  -04.42462   01.43230
H     03.41869  -05.25654   02.04736
H     04.07047  -04.77691   00.44642
H     04.58796  -03.90251   01.91472

S19_2
H    -01.42406   01.72772  -00.38794
O    -01.74965   00.95825   00.17848
N    -00.17337   02.43269  -01.23881
H     00.11010   03.22919  -01.80703
C     00.76908   01.57157  -01.05968
H     01.76990   01.70178  -01.48458
C    -00.72382   00.10595   00.32246
C     00.54588   00.36379  -00.27100
C     01.58400  -00.56013  -00.08881
C     01.39265  -01.72318   00.66123
C     00.12915  -01.96166   01.24087
C    -00.91433  -01.06462   01.07679
H     02.55033  -00.36289  -00.54097
H    -00.01698  -02.86540   01.82275
H    -01.88706  -01.24550   01.52155
C     02.46994  -02.71954   00.87143
O     02.34006  -03.75091   01.51923
O     03.62760  -02.37526   00.27254
C     04.73157  -03.29377   00.42983
H     05.55981  -02.84447  -00.11607
H     04.98305  -03.40608   01.48696
H     04.47616  -04.26854   00.00797

S20
H    -01.32758   01.92178  -00.12210
O    -01.70885   01.08825  -00.53149
N    -00.02774   02.66511   00.67221
H     00.33550   03.52464   01.08100
C     00.79931   01.67674   00.75763
H     01.78371   01.78263   01.22720
C    -00.77812   00.11685  -00.39419
C     00.46995   00.35851   00.23238
C     01.40116  -00.69638   00.34571
C     01.14329  -01.97780  -00.13666
C    -00.11133  -02.18073  -00.75503
C    -01.05337  -01.16655  -00.88500
H     02.34458  -00.47096   00.83138
H    -00.36319  -03.16081  -01.14844
H    -02.00954  -01.35047  -01.36487
C     02.14218  -03.14169  -00.02327
C     02.49585  -03.65706  -01.43915
C     03.44900  -02.72224   00.67635
C     01.50339  -04.29031   00.79411
H     01.61088  -04.01497  -01.97441
H     02.95577  -02.86293  -02.03751
H     03.20491  -04.49015  -01.37221
H     03.26876  -02.37535   01.69967
H     04.12532  -03.58146   00.73213
H     03.96656  -01.92778   00.12776
H     02.20392  -05.12893   00.87937
H     01.24879  -03.95239   01.80465
H     00.58991  -04.66551   00.32233

S21_1
H    -01.47045   01.52622  -00.41006
O    -01.88667   00.61586  -00.34055
N    -00.08359   02.47822  -00.42780
H     00.30631   03.41652  -00.50164
C     00.81898   01.56650  -00.28124
H     01.88673   01.81001  -00.24410
C    -00.87747  -00.27788  -00.19077
C     00.47650   00.15515  -00.15618
C     01.50304  -00.79107   00.00106
C     01.24013  -02.15701   00.12642
C    -00.11055  -02.54355   00.08675
C    -01.17502  -01.64632  -00.06847
H     02.52615  -00.42556   00.02302
H    -00.36153  -03.59371   00.18023
C     02.39745  -03.15722   00.29822
C     03.34214  -03.06734  -00.92427
C     03.19006  -02.81177   01.58181
C     01.90184  -04.61129   00.41641
H     02.80572  -03.31071  -01.84803
H     03.76834  -02.06529  -01.03442
H     04.17301  -03.77379  -00.81412
H     02.54422  -02.87240   02.46472
H     04.02046  -03.51470   01.71561
H     03.61063  -01.80222   01.53897
H     02.76022  -05.28048   00.53614
H     01.24995  -04.74936   01.28584
H     01.35594  -04.92897  -00.47859
C    -02.61402  -02.14365  -00.10195
C    -03.00975  -02.81446   01.22789
C    -02.85691  -03.09136  -01.29261
H    -03.25927  -01.27110  -00.23717
H    -02.86504  -02.13217   02.07229
H    -04.06345  -03.11466   01.20608
H    -02.40956  -03.71278   01.41321
H    -02.60259  -02.60647  -02.24112
H    -02.25205  -04.00136  -01.20608
H    -03.90981  -03.39239  -01.33271

S21_2
H    -01.48752   01.51046  -00.51648
O    -01.89208   00.60540  -00.35423
N    -00.11718   02.45944  -00.69384
H     00.25921   03.39127  -00.86013
C     00.80074   01.56293  -00.54202
H     01.86643   01.81304  -00.59283
C    -00.86882  -00.27078  -00.20763
C     00.47897   00.16419  -00.29388
C     01.52599  -00.76739  -00.13795
C     01.27842  -02.11620   00.10062
C    -00.07469  -02.50638   00.17929
C    -01.15145  -01.63074   00.03368
H     02.54133  -00.39293  -00.21134
H    -00.30388  -03.55162   00.36441
C     02.38956  -03.16508   00.27546
C     02.24667  -04.25360  -00.81552
C     03.79614  -02.54808   00.15835
C     02.26425  -03.82127   01.67157
H     01.28013  -04.76367  -00.75642
H     02.33724  -03.81478  -01.81529
H     03.03140  -05.01025  -00.70088
H     03.97076  -01.78697   00.92665
H     04.55083  -03.33058   00.28911
H     03.95864  -02.09129  -00.82398
H     03.04898  -04.57427   01.80800
H     02.36774  -03.07118   02.46338
H     01.29820  -04.31893   01.80139
C    -02.58688  -02.12941   00.13263
C    -02.88656  -02.71140   01.52769
C    -02.90547  -03.15351  -00.97393
H    -03.24394  -01.26778  -00.01449
H    -02.68653  -01.97537   02.31361
H    -03.93799  -03.01181   01.59854
H    -02.27136  -03.59591   01.72922
H    -02.71834  -02.73215  -01.96735
H    -02.29139  -04.05535  -00.86873
H    -03.95716  -03.45695  -00.92250

S21_3
H    -01.49310   01.48661  -00.64962
O    -01.89492   00.59313  -00.42727
N    -00.12685   02.41857  -00.92085
H     00.24654   03.33862  -01.14828
C     00.79293   01.52661  -00.75417
H     01.85701   01.76855  -00.85450
C    -00.87007  -00.27912  -00.26906
C     00.47541   00.14425  -00.42268
C     01.52408  -00.78301  -00.25315
C     01.28040  -02.11642   00.06341
C    -00.07050  -02.49540   00.20729
C    -01.14877  -01.62324   00.05218
H     02.53758  -00.41777  -00.37931
H    -00.29661  -03.52853   00.45404
C     02.39371  -03.16007   00.25517
C     03.79746  -02.55552   00.06302
C     02.31135  -03.74573   01.68542
C     02.21312  -04.30077  -00.77520
H     03.93014  -02.14957  -00.94575
H     03.99797  -01.75728   00.78598
H     04.55393  -03.33348   00.20945
H     01.34913  -04.23340   01.87017
H     03.09881  -04.49349   01.83442
H     02.44100  -02.95759   02.43531
H     02.99858  -05.05460  -00.64762
H     01.24720  -04.80241  -00.66041
H     02.27349  -03.91272  -01.79798
C    -02.58176  -02.10900   00.22393
C    -02.83544  -02.62393   01.65401
C    -02.94213  -03.18156  -00.82229
H    -03.24021  -01.25155   00.05933
H    -02.60545  -01.85336   02.39749
H    -03.88502  -02.91474   01.77471
H    -02.21743  -03.50166   01.87552
H    -02.78870  -02.80725  -01.84003
H    -02.32729  -04.08033  -00.69706
H    -03.99227  -03.47747  -00.72023

S21_4
H    -01.59305   01.28590  -00.39609
O    -01.95010   00.35149  -00.32121
N    -00.27224   02.32508  -00.42328
H     00.05819   03.28557  -00.50146
C     00.68625   01.47214  -00.27708
H     01.73660   01.78297  -00.24452
C    -00.88792  -00.47618  -00.17172
C     00.43518   00.04209  -00.14553
C     01.52350  -00.83425   00.01010
C     01.35125  -02.21226   00.14196
C     00.02626  -02.68489   00.11138
C    -01.09778  -01.86314  -00.04105
H     02.52027  -00.40183   00.02511
H    -00.16053  -03.74862   00.21003
C     02.57160  -03.13564   00.30878
C     02.17165  -04.61728   00.44459
C     03.49455  -02.99642  -00.92575
C     03.35548  -02.72947   01.57988
H     01.53796  -04.78870   01.32152
H     01.63912  -04.97786  -00.44214
H     03.07246  -05.22870   00.56169
H     03.85339  -01.96985  -01.04941
H     04.37057  -03.64677  -00.81975
H     02.96437  -03.28237  -01.84091
H     04.22955  -03.37809   01.70982
H     03.71195  -01.69622   01.52340
H     02.72480  -02.82201   02.47098
C    -02.48855  -02.48388  -00.06008
C    -03.20872  -02.27110  -01.40629
C    -03.35763  -02.01320   01.12290
H    -02.34195  -03.56519   00.05880
H    -02.60358  -02.64841  -02.23799
H    -04.16496  -02.80675  -01.41091
H    -03.40721  -01.21027  -01.57954
H    -02.85873  -02.21071   02.07806
H    -03.56031  -00.94109   01.05662
H    -04.31529  -02.54638   01.12268

S21_5
H    -01.61026   01.26898  -00.49515
O    -01.95488   00.34173  -00.32178
N    -00.30684   02.30205  -00.69461
H     00.00971   03.25394  -00.87178
C     00.66642   01.46525  -00.54638
H     01.71381   01.78104  -00.61067
C    -00.87920  -00.46770  -00.18021
C     00.43663   00.05079  -00.28459
C     01.54496  -00.80937  -00.13400
C     01.38841  -02.16790   00.11690
C     00.06237  -02.64333   00.21361
C    -01.07297  -01.84397   00.07444
H     02.53262  -00.36962  -00.22171
H    -00.10137  -03.69962   00.40923
C     02.56693  -03.14090   00.28812
C     02.48271  -04.24871  -00.78947
C     03.92888  -02.43519   00.14654
C     02.50173  -03.78825   01.69249
H     01.55240  -04.82000  -00.71302
H     02.53305  -03.81638  -01.79489
H     03.31646  -04.95122  -00.67636
H     04.06321  -01.65609   00.90480
H     04.73439  -03.16566   00.27519
H     04.04904  -01.97946  -00.84236
H     03.33593  -04.48649   01.82680
H     02.56522  -03.02412   02.47506
H     01.57214  -04.34685   01.83961
C    -02.45833  -02.46422   00.19797
C    -03.26555  -02.36211  -01.11129
C    -03.25085  -01.89835   01.39290
H    -02.29776  -03.53206   00.39483
H    -02.71449  -02.80769  -01.94675
H    -04.21785  -02.89499  -01.00916
H    -03.47923  -01.31891  -01.35812
H    -02.68796  -02.01297   02.32577
H    -03.46728  -00.83647   01.25045
H    -04.20140  -02.43309   01.50131

S21_6
H    -01.61128   01.24134  -00.65127
O    -01.95416   00.32939  -00.40726
N    -00.31037   02.25124  -00.95796
H     00.00448   03.18750  -01.20692
C     00.66347   01.41957  -00.78656
H     01.70959   01.72376  -00.90465
C    -00.87794  -00.47577  -00.24687
C     00.43612   00.02663  -00.42591
C     01.54505  -00.82873  -00.25418
C     01.39081  -02.16708   00.08955
C     00.06656  -02.62687   00.25859
C    -01.06930  -01.83127   00.10296
H     02.53125  -00.40165  -00.40102
H    -00.09522  -03.66718   00.52774
C     02.56996  -03.13443   00.28687
C     03.92986  -02.44791   00.05809
C     02.54578  -03.68941   01.73146
C     02.44730  -04.30891  -00.71366
H     04.02119  -02.05801  -00.96154
H     04.09078  -01.62216   00.75969
H     04.73592  -03.17343   00.20925
H     01.61875  -04.23132   01.94299
H     03.38066  -04.38288   01.88486
H     02.63706  -02.87681   02.46060
H     03.28132  -05.00775  -00.58143
H     01.51751  -04.86841  -00.57148
H     02.46769  -03.94267  -01.74602
C    -02.45265  -02.43365   00.30955
C    -03.30044  -02.41119  -00.97769
C    -03.20440  -01.78706   01.48980
H    -02.29043  -03.48757   00.56984
H    -02.77769  -02.91273  -01.79951
H    -04.25096  -02.93101  -00.81171
H    -03.51804  -01.38489  -01.28457
H    -02.61369  -01.84737   02.41048
H    -03.41848  -00.73446   01.28734
H    -04.15444  -02.30613   01.66076

S22
H    -01.31119   01.87444   00.00000
O    -01.78307   00.98743   00.00000
N     00.14946   02.72094   00.00000
H     00.59680   03.63614   00.00000
C     00.99363   01.74440   00.00000
H     02.07644   01.91155   00.00000
C    -00.83210   00.02838   00.00000
C     00.55229   00.35522   00.00000
C     01.49916  -00.68838   00.00000
C     01.10230  -02.02072   00.00000
C    -00.26886  -02.32667   00.00000
C    -01.22849  -01.31705   00.00000
H     02.55594  -00.43318   00.00000
H    -00.59043  -03.36416   00.00000
H     01.84204  -02.81434   00.00000
H    -02.28907  -01.54758   00.00000

S23
H    -01.26206   01.89189  -00.03199
O    -01.76604   01.02226  -00.02940
N     00.18005   02.71481  -00.02807
H     00.65324   03.61683  -00.03111
C     00.99700   01.71462  -00.01580
H     02.08333   01.85735  -00.00954
C    -00.85418   00.02111  -00.01632
C     00.53348   00.33247  -00.00921
C     01.48394  -00.70196   00.00432
C     01.10538  -02.04207   00.01145
C    -00.27642  -02.30941   00.00434
C    -01.27846  -01.32873  -00.00958
H     02.53461  -00.42427   00.00923
H    -00.59006  -03.34231   00.00995
C     02.17271  -03.15181   00.02641
C     03.06628  -03.02306  -01.23067
C     03.05008  -03.00462   01.29284
C     01.55463  -04.56328   00.03275
H     02.46928  -03.12788  -02.14333
H     03.57490  -02.05470  -01.26858
H     03.83463  -03.80489  -01.23205
H     02.44141  -03.09611   02.19921
H     03.81826  -03.78628   01.31553
H     03.55831  -02.03578   01.32311
H     02.35450  -05.31100   00.04327
H     00.93231  -04.73124   00.91844
H     00.94363  -04.74419  -00.85826
C    -02.77483  -01.70391  -00.01776
C    -03.47024  -01.12996   01.24173
C    -03.45108  -01.14747  -01.29558
C    -02.99214  -03.23148  -00.00908
H    -03.01656  -01.54151   02.15062
H    -03.39768  -00.04220   01.28058
H    -04.53133  -01.40584   01.23837
H    -02.98459  -01.57251  -02.19170
H    -04.51248  -01.42204  -01.30391
H    -03.37666  -00.06043  -01.34917
H    -04.06731  -03.43841  -00.01552
H    -02.55828  -03.71411  -00.89161
H    -02.57124  -03.70225   00.88605

S24_1
H    -01.27301   01.87364   00.01406
O    -01.71662   01.00878  -00.27653
N     00.08826   02.64839   00.52862
H     00.47545   03.54739   00.81061
C     00.94233   01.68594   00.56073
H     01.98397   01.83085   00.86363
C    -00.79216   00.04917  -00.22496
C     00.54731   00.32931   00.18516
C     01.47940  -00.70987   00.22376
C     01.09431  -01.99919  -00.13699
C    -00.22200  -02.28256  -00.54249
C    -01.15581  -01.26362  -00.58466
H     02.50011  -00.51669   00.53287
H    -00.49354  -03.29390  -00.81756
H    -02.17746  -01.45471  -00.89302
N     02.07246  -03.06928  -00.09395
O     03.22704  -02.80367   00.27037
O     01.71498  -04.20919  -00.42357

S24_2
H    -01.26904   01.86959   00.07038
O    -01.74757   00.97886  -00.01293
N     00.15472   02.69161   00.19078
H     00.57574   03.61531   00.27520
C     01.01420   01.73386   00.16219
H     02.09313   01.90657   00.22354
C    -00.81512   00.02593  -00.03921
C     00.57494   00.34447   00.04433
C     01.51401  -00.68863   00.01260
C     01.08596  -02.00963  -00.09909
C    -00.28041  -02.33123  -00.18181
C    -01.22138  -01.31838  -00.15180
H     02.57291  -00.46587   00.07440
H    -00.58439  -03.36678  -00.26792
H    -02.28108  -01.53865  -00.21407
N     02.07135  -03.07379  -00.12993
O     01.67412  -04.24313  -00.23209
O     03.27139  -02.77360  -00.05287

S25
H    -01.28721   01.88843   00.00000
O    -01.77434   01.00165   00.00000
N     00.14542   02.70960   00.00000
H     00.57965   03.63105   00.00000
C     00.99501   01.74199   00.00000
H     02.07663   01.90963   00.00000
C    -00.83878   00.04308   00.00000
C     00.54982   00.34916   00.00000
C     01.50258  -00.68290   00.00000
C     01.08658  -02.00597   00.00000
C    -00.27291  -02.33296   00.00000
C    -01.21874  -01.31291   00.00000
H     02.55946  -00.43806   00.00000
H    -00.59296  -03.36803   00.00000
Cl   02.27933  -03.30178   00.00000
Cl  -02.92367  -01.72266   00.00000

S26_1
H    -01.33068   01.80631   00.00000
O    -01.77662   00.90494  -00.00002
N     00.08891   02.69948  -00.00002
H     00.50511   03.62930  -00.00002
C     00.96571   01.75224   00.00001
H     02.04187   01.95667   00.00003
C    -00.79146  -00.01663  -00.00001
C     00.57672   00.34669   00.00001
C     01.56944  -00.65761   00.00002
C     01.20996  -01.99553   00.00001
C    -00.14880  -02.36081  -00.00001
C    -01.14833  -01.38787  -00.00002
H     02.61583  -00.36566   00.00004
H    -00.41246  -03.41135  -00.00003
H     01.96962  -02.77021   00.00001
O    -02.49039  -01.64056  -00.00005
C    -02.92120  -03.00443  -00.00026
H    -02.57161  -03.53084   00.89596
H    -04.01087  -02.96933  -00.00031
H    -02.57152  -03.53059  -00.89659

S26_2
H    -01.20188   01.98988   00.00152
O    -01.73068   01.13180   00.00177
N     00.25300   02.76579   00.00074
H     00.73894   03.66092   00.00060
C     01.05202   01.75224   00.00006
H     02.14050   01.87369  -00.00057
C    -00.83817   00.11448   00.00089
C     00.56081   00.37828   00.00011
C     01.49029  -00.67924  -00.00051
C     01.04687  -01.99509  -00.00037
C    -00.32716  -02.25639   00.00031
C    -01.27943  -01.23120   00.00090
H     02.55217  -00.45041  -00.00106
H    -00.69612  -03.27757   00.00035
H     01.75290  -02.81885  -00.00082
O    -02.57734  -01.66767   00.00165
C    -03.70729  -00.77869  -00.00068
H    -03.71861  -00.14732   00.89027
H    -03.71705  -00.15008  -00.89364
H    -04.57627  -01.43832  -00.00045

S26_3
H    -01.15973   02.05673   00.63087
O    -01.68502   01.19832   00.66424
N     00.30572   02.82158   00.36848
H     00.80039   03.71177   00.34707
C     01.06213   01.81318   00.09238
H     02.12656   01.93031  -00.13751
C    -00.82851   00.20293   00.35793
C     00.54014   00.45134   00.07104
C     01.39748  -00.62815  -00.22217
C     00.91974  -01.93265  -00.23557
C    -00.43562  -02.17253   00.03775
C    -01.30601  -01.12544   00.32863
H     02.44318  -00.42427  -00.43605
H    -00.83704  -03.18131   00.03140
H     01.58361  -02.76107  -00.45874
O    -02.61646  -01.40550   00.65032
C    -03.58323  -01.01073  -00.34368
H    -04.55979  -01.29270   00.05320
H    -03.55062   00.06915  -00.51486
H    -03.39946  -01.54468  -01.28366

